42 926
42 603
42 165
42 601
42 546
42 166
42 432
7 932
7 930
7 425
7 610
7 841
7 208
7 564
7 902
7 473
7 370
7 931
7 781
7 555
7 223
7 609
7 842
7 449
7 872
7 561
7 439
7 899
7 565
7 828
7 470
7 901
7 222
7 369
7 450
7 474
7 825
7 871
7 554
7 211
7 477
7 826
7 882
7 896
7 883
7 560
7 577
7 823
7 202
7 475
7 448
7 306
7 407
7 563
7 566
7 900
7 827
7 869
7 894
7 507
7 870
7 451
7 210
7 414
7 508
7 441
7 844
7 851
7 471
7 843
7 205
7 578
7 909
7 201
7 852
7 413
7 447
7 509
7 895
7 415
7 418
7 417
7 567
7 881
7 207
7 416
7 440
7 209
7 226
7 329
7 824
7 204
7 203
7 576
7 608
7 206
7 225
7 472
7 910
26 14
31 184
31 179
31 176
31 177
17 853
17 90
17 482
17 545
17 396
17 255
1 621
1 428
1 553
1 427
1 352
1 357
1 356
1 426
1 544
1 349
1 893
1 368
1 453
1 354
1 351
1 353
1 350
1 372
21 338
21 283
21 434
21 606
21 378
21 424
21 317
21 273
21 379
21 80
21 433
21 280
21 259
21 91
21 310
21 377
21 506
21 589
21 257
21 256
21 327
21 272
37 511
37 104
37 114
37 108
37 106
37 99
37 103
23 464
23 431
23 33
23 44
23 49
23 266
23 43
23 42
23 41
23 40
23 36
23 267
23 39
23 31
23 45
23 48
23 38
23 412
23 37
23 47
23 46
23 410
24 78
24 886
24 260
24 261
24 556
14 602
14 20
14 483
14 480
14 21
14 274
13 924
13 309
13 243
13 244
13 242
16 404
16 227
16 382
16 551
16 228
16 230
15 62
15 438
15 65
15 584
15 873
15 874
15 581
15 63
15 897
15 741
15 829
15 572
15 840
19 921
19 892
19 585
19 86
19 291
19 574
19 84
19 88
19 290
19 383
19 419
19 87
19 292
9 879
9 363
9 558
9 935
9 920
9 504
9 294
9 839
9 343
9 323
9 503
9 5
9 1
9 200
9 430
9 3
9 2
9 919
9 295
9 4
9 322
9 364
9 6
9 7
9 468
9 8
9 9
9 933
9 10
9 600
25 904
25 66
25 455
25 889
25 867
25 67
25 70
25 68
25 69
25 293
25 72
25 912
25 71
25 74
32 761
32 217
32 582
32 399
32 216
30 339
30 846
30 880
30 158
30 161
30 160
30 342
30 454
30 163
30 341
30 162
30 159
22 27
22 446
22 301
22 467
22 300
22 26
22 29
22 28
49 397
49 469
49 420
49 421
49 398
27 878
27 928
27 934
27 304
27 456
27 152
27 550
27 150
27 305
27 462
27 154
27 588
27 149
27 147
27 153
27 458
27 148
27 151
36 359
36 833
36 570
36 366
36 423
36 365
36 311
36 362
20 510
20 133
20 466
20 134
20 138
20 137
20 371
20 139
20 136
34 172
34 58
34 53
34 906
34 905
34 908
34 59
55 580
18 848
18 320
18 442
18 443
18 141
18 140
18 268
50 400
50 888
50 435
50 401
50 422
50 552
50 402
50 403
10 838
10 801
10 573
10 721
10 549
10 192
10 194
10 314
10 190
10 313
10 457
10 197
10 297
10 191
10 199
10 459
10 571
10 315
10 583
10 198
10 299
10 437
10 587
10 189
10 559
8 476
8 569
8 444
8 845
8 936
8 927
8 460
8 186
8 302
8 185
8 385
8 340
8 118
8 821
8 445
8 52
8 387
8 701
8 877
8 887
8 388
8 120
8 187
8 188
8 51
8 408
8 389
8 119
58 568
58 830
58 831
58 579
58 868
58 562
58 762
12 586
12 465
12 117
12 247
12 116
12 248
12 115
11 557
11 124
11 463
11 925
11 125
11 319
11 436
11 127
11 128
46 548
46 393
46 394
46 395
35 81
54 514
54 513
54 891
43 219
43 218
43 220
43 221
48 214
48 213
48 374
48 375
28 390
28 478
28 391
28 121
28 287
28 286
28 392
28 285
