926 61.86953 28.88239
603 62.30087 27.158
165 61.69085 27.27376
601 61.87059 28.87613
546 61.68636 27.27334
166 61.68708 27.2707
432 61.68627 27.27239
932 60.16997 24.74924
930 60.16558 24.92142
425 60.18739 24.9506
610 60.31436 24.97314
841 60.22024 24.81133
208 60.31439 24.68486
564 60.16964 24.93924
902 60.19644 24.95198
473 60.20058 24.93873
370 60.28995 25.03953
931 60.33142 25.07584
781 60.22393 25.10244
555 60.28107 24.77893
223 60.16697 24.94408
609 60.20577 24.65772
842 60.16475 24.95332
449 60.27879 25.09346
872 60.28396 25.09355
561 60.28312 24.97948
439 60.19922 25.03622
899 60.27196 24.8745
565 60.1817 24.95529
828 60.29175 25.11242
470 60.26095 25.07377
901 60.26459 25.14044
222 60.17302 24.95109
369 60.18104 24.94736
450 60.16494 24.92567
474 60.16527 24.96925
825 60.16522 24.97381
871 60.16628 24.65439
554 60.18865 24.59354
211 60.21599 24.71077
477 60.20978 24.73193
826 60.21003 24.72919
882 60.21289 24.71126
896 60.17995 24.75299
883 60.2818 24.82461
560 60.15584 24.63966
577 60.317 24.84015
823 60.2878 25.00182
202 60.23518 25.08646
475 60.34992 25.07181
448 60.24392 24.74747
306 60.22179 24.81122
407 60.2207 24.81517
563 60.21632 24.81684
566 60.23912 24.81346
900 60.23942 24.81405
827 60.15659 24.92094
869 60.14832 24.91987
894 60.15348 24.91863
507 60.25361 25.00363
870 60.24185 25.02546
451 60.2032 24.76091
210 60.27966 24.8452
414 60.16433 24.75182
508 60.15883 24.7434
441 60.26392 24.8491
844 60.25937 24.85624
851 60.19672 24.95119
471 60.16903 24.76417
843 60.16902 24.78171
205 60.2453 24.93639
578 60.18607 24.80862
909 60.2742 25.05209
201 60.16197 24.93996
852 60.3235 25.09218
413 60.17067 24.94165
447 60.17765 24.9227
509 60.31553 25.00462
895 60.31203 25.01103
415 60.27462 25.13566
418 60.1877 24.97044
417 60.27065 24.96801
567 60.27048 24.96923
881 60.26378 25.02406
207 60.17789 24.79735
416 60.17032 24.80384
440 60.17874 24.82296
209 60.29817 25.03211
226 60.28696 25.0408
329 60.29345 25.03976
824 60.20353 24.69871
204 60.18539 24.91648
203 60.17986 24.92377
576 60.19034 24.91573
608 60.1662 24.95153
206 60.19367 24.96395
225 60.19439 24.96289
472 60.29263 24.85293
910 60.22173 25.17981
14 60.52807 27.1616
184 61.31495 22.13671
179 61.33169 22.1433
176 61.32904 22.11611
177 61.32931 22.11613
853 60.99934 24.45538
90 60.99684 24.45783
482 60.99511 24.44488
545 60.99606 24.45597
396 60.99485 24.45832
255 60.99933 24.47744
621 61.86111 24.28333
428 63.1431 31.04695
553 69.7564 27.0075
427 68.00049 24.24566
352 66.3217 29.40157
357 68.47701 28.3031
356 67.96715 24.11233
426 67.36809 26.62957
544 67.36185 26.63781
349 59.77923 21.37395
893 60.53002 27.6754
368 61.21578 25.1334
453 60.81682 23.49669
354 59.84428 23.24208
351 60.52607 27.67136
353 67.74977 29.60904
350 62.53421 24.2154
372 62.58855 24.19189
338 61.05783 28.20931
283 61.04082 28.1765
434 61.11709 28.49849
606 61.05576 28.18431
378 61.07194 28.26409
424 61.18892 28.77012
317 61.12715 28.83612
273 61.12838 28.83776
379 61.12525 28.44996
80 61.23807 28.87369
433 61.15304 28.81014
280 61.05748 28.24585
259 61.11671 28.48648
91 61.13413 28.48599
377 61.05557 28.1847
506 61.05941 28.19516
589 61.05921 28.22768
257 61.11225 28.48471
256 61.12236 28.44629
327 61.10436 28.80938
272 61.22159 28.8209
511 62.59909 29.7634
104 62.60288 29.80279
114 62.60235 29.76202
108 62.59334 29.74989
106 62.58897 29.78902
99 62.6118 29.83267
103 62.59759 29.76197
464 62.24305 25.74321
431 62.28999 25.70917
33 62.26731 25.79217
44 62.23551 25.73785
49 62.22346 25.84891
266 62.24231 25.79625
43 62.24645 25.80763
42 62.23447 25.7225
41 62.27059 25.79801
40 62.2419 25.74961
36 62.24902 25.70457
267 62.22596 25.77382
39 62.24368 25.69999
31 62.24337 25.74387
45 62.24378 25.81062
48 62.2886 25.74391
38 62.23124 25.71302
412 62.13963 25.7657
37 62.24602 25.75858
46 62.24912 25.86939
410 62.24883 25.8669
78 61.86922 25.2008
886 61.8652 25.19735
260 61.91881 25.15124
261 61.92117 25.17037
556 61.92439 25.16423
602 64.22444 27.73333
20 64.224 27.73315
483 64.22429 27.73339
480 64.64261 30.06669
21 64.23514 27.72816
274 64.2298 27.71562
924 65.73284 24.60061
309 65.80191 24.54241
243 65.76871 24.54607
244 65.74255 24.58914
242 65.73073 24.62766
404 63.83764 23.1316
227 63.84157 23.04219
382 63.85618 23.12621
551 63.83484 23.12753
228 63.84324 23.11769
230 63.83613 23.13224
62 60.4655 26.93893
438 60.51316 26.94621
65 60.50518 26.95524
584 60.56944 27.19678
873 60.57392 27.19077
874 60.42875 26.91822
581 60.53538 27.16231
63 60.51518 26.93631
897 60.46821 26.94596
741 60.43549 26.88705
829 60.48755 26.74912
572 60.59077 27.74294
840 60.58695 27.72803
921 60.8888 26.35835
892 60.87045 26.701
585 60.89444 26.59167
86 60.9072 26.63439
291 60.7008 26.81746
574 60.86926 26.7056
84 60.86717 26.70368
88 60.92562 26.6753
290 60.76627 26.78773
383 60.76887 26.78395
419 60.88588 26.70335
87 60.89058 26.69923
292 60.76623 26.76204
879 62.8542 27.52762
363 62.8936 27.66952
558 62.8935 27.6883
935 63.13657 27.70455
920 63.17527 27.771
504 63.072 27.66117
294 62.95559 27.69704
839 62.88205 27.66197
343 62.8789 27.67664
323 62.88521 27.6699
503 62.89756 27.66261
5 62.88711 27.64734
1 62.9076 27.67927
200 62.89898 27.72045
430 62.91967 27.70553
3 62.89296 27.67161
2 62.92652 27.69146
919 62.88875 27.65397
295 62.90091 27.70476
4 62.88279 27.6099
322 62.83569 27.64511
364 62.83473 27.62362
6 62.9095 27.6557
7 62.90326 27.64769
468 62.89373 27.67088
8 62.93283 27.65622
9 62.90483 27.69494
933 62.62771 27.11991
10 62.87691 27.63055
600 62.98477 27.69032
904 60.98746 25.51678
66 60.98781 25.64954
455 60.96704 25.65489
889 60.99129 25.66579
867 60.97907 25.59109
67 60.98389 25.66218
70 60.98133 25.63916
68 60.98338 25.65128
69 60.98338 25.65128
293 60.97824 25.58806
72 60.97831 25.68365
912 60.93642 25.96135
71 60.98016 25.71066
74 60.98382 25.65531
761 60.25145 24.06287
217 60.25059 24.06571
582 60.25039 24.0629
399 60.25127 24.06292
216 60.18846 23.99842
339 60.36005 25.56605
846 60.31718 25.50183
880 60.28726 25.51083
158 60.31565 25.52041
161 60.40788 25.61603
160 60.33679 25.50786
342 60.23857 25.44409
454 60.23764 25.44178
163 60.23891 25.44299
341 60.32082 25.54117
162 60.321 25.54152
159 60.36023 25.56623
27 64.99473 25.47926
446 65.00997 25.47132
301 65.04338 25.4979
467 65.01333 25.46332
300 65.05173 25.44434
26 65.01003 25.47348
29 65.04053 25.45538
28 65.03306 25.48872
397 63.67912 22.71837
469 63.70287 22.76473
420 63.69331 22.69549
421 63.65205 22.72357
398 63.71858 22.75214
878 61.66325 21.45484
928 61.48226 21.81329
934 61.29299 21.47696
304 61.67515 21.61871
456 61.4898 21.80886
152 61.48243 21.79845
550 61.4827 21.79969
150 61.57805 21.53743
305 61.63648 21.51125
462 61.48642 21.79157
154 61.56058 21.60267
588 61.4826 21.79968
149 61.48679 21.76687
147 61.6194 21.42437
153 61.49819 21.81478
458 61.49536 21.81693
148 61.47908 21.81259
151 61.47032 21.86677
359 64.66779 24.41921
833 64.6787 24.4639
570 64.68337 24.48162
366 64.67935 24.49939
423 64.6837 24.47974
365 64.65326 24.45459
311 64.6767 24.46895
362 64.67474 24.45251
510 61.12986 21.4997
133 61.1247 21.49343
466 61.12965 21.45806
134 61.12658 21.48948
138 61.13561 21.48604
137 61.10694 21.51512
371 61.10742 21.49208
139 61.14535 21.47901
136 61.13078 21.50681
172 66.51011 25.6862
58 66.5103 25.66681
53 66.49791 25.72982
906 66.50728 25.69409
905 66.50004 25.727
908 66.49986 25.73017
59 66.51273 25.67781
580 60.20278 24.96083
848 62.7785 22.83932
320 62.79283 22.7743
442 62.80264 22.87478
443 62.77498 22.86905
141 62.74548 22.82262
140 62.78088 22.83644
268 62.78752 22.83432
400 62.37581 21.22054
888 62.4727 21.33608
435 62.37651 21.2201
401 62.273 21.36338
422 62.2756 21.41741
552 62.27356 21.38897
402 62.47487 21.33923
403 62.38409 21.36717
838 61.50854 23.67583
801 61.4991 23.80221
721 61.49307 23.76938
549 61.49873 23.73569
192 61.58649 23.846
314 61.45963 23.86295
190 61.49799 23.76214
313 61.50212 23.82294
457 61.49844 23.76495
197 61.52627 23.69949
297 61.52834 23.68503
191 61.53236 23.67709
199 61.49348 23.76948
459 61.4916 23.88139
571 61.52209 23.66624
315 61.48438 23.84819
583 61.52233 23.68713
198 61.50565 23.78066
299 61.49789 23.75968
437 61.47628 23.76323
587 61.50536 23.71624
189 61.49754 23.76213
559 61.47193 23.80022
476 60.4592 22.2565
569 60.40824 22.37862
444 60.46744 22.0284
845 60.29678 22.29927
936 60.47038 22.1902
927 60.46574 22.10435
460 60.42532 22.09611
186 60.45195 22.26768
302 60.45342 22.27353
185 60.45546 22.27032
385 60.45789 22.26891
340 60.45429 22.28733
118 60.46928 22.1089
821 60.46846 22.10523
445 60.40687 22.37136
52 60.47893 22.05047
387 60.43343 22.23837
701 60.47699 22.30944
877 60.27808 22.27408
887 60.30372 22.28294
388 60.4465 22.25279
120 60.48225 22.1655
187 60.43082 22.12584
188 60.48933 22.26192
51 60.46923 22.02663
408 60.43561 22.29372
389 60.44233 22.35641
119 60.4832 22.15678
568 60.40231 25.09789
830 60.63273 24.86124
831 60.6302 24.86797
579 60.46714 25.08618
868 60.47132 25.08967
562 60.39443 25.66069
762 60.39666 25.02156
586 63.09351 21.61267
465 63.09515 21.61832
117 63.09532 21.61664
247 63.0978 21.62535
116 63.10549 21.58797
248 63.10118 21.60293
115 63.09332 21.5577
557 62.31391 27.88699
124 62.32958 27.88931
463 62.31788 27.86811
925 62.31728 27.91195
125 62.31238 27.88672
319 62.31382 27.89648
436 62.31299 27.88525
127 62.31276 27.89452
128 62.32201 27.90752
548 62.6017 25.73615
393 62.58512 25.77831
394 62.56567 25.85237
395 62.60778 25.72323
81 64.14087 25.37573
514 61.2043 26.03922
513 61.20313 26.03319
891 61.1951 26.02027
219 60.02532 23.92939
218 60.04448 23.98148
220 60.02448 23.89357
221 60.03386 23.91065
214 59.82956 22.97303
213 59.89706 23.23726
374 59.88399 23.21766
375 59.8717 23.23084
390 61.27156 24.02849
478 61.28409 24.01889
391 61.26036 24.0351
121 61.27142 24.03096
287 61.27142 24.03096
286 61.27207 24.02042
392 61.27142 24.03096
285 61.26452 24.03175
